<TICKER>	<PER>	<DATE>	<TIME>	<OPEN>	<HIGH>	<LOW>	<CLOSE>	<VOL>	<OPENINT>
Башнефт ап	D	20111118	000000	1375	1375	1315	1325	7397	0
Башнефт ап	D	20111121	000000	1325	1345	1275	1290	3787	0
Башнефт ап	D	20111122	000000	1290	1305	1275	1280	5999	0
Башнефт ап	D	20111123	000000	1270	1277.5	1259	1260	4335	0
Башнефт ап	D	20111124	000000	1260	1265	1250	1256	691	0
Башнефт ап	D	20111125	000000	1250.1	1255	1231	1241.3	902	0
Башнефт ап	D	20111128	000000	1250.5	1260	1230	1241	7922	0
Башнефт ап	D	20111129	000000	1235	1235	1175.5	1175.5	10074	0
Башнефт ап	D	20111130	000000	1209.8	1219	1190.1	1210	4134	0
Башнефт ап	D	20111201	000000	1218.5	1234.9	1203.1	1205	13475	0
Башнефт ап	D	20111202	000000	1205	1229	1205	1229	3761	0
Башнефт ап	D	20111205	000000	1215	1225	1210.5	1215	2891	0
Башнефт ап	D	20111206	000000	1205.1	1245	1191	1199.3	3946	0
Башнефт ап	D	20111207	000000	1209.9	1210	1185	1190	6568	0
Башнефт ап	D	20111208	000000	1204.9	1210	1188.8	1190	4546	0
Башнефт ап	D	20111209	000000	1186.5	1207	1147.1	1161	11926	0
Башнефт ап	D	20111212	000000	1179.9	1189.9	1150.1	1152	2486	0
Башнефт ап	D	20111213	000000	1164.9	1165	1148.3	1150	4265	0
Башнефт ап	D	20111214	000000	1157.9	1170.5	1111	1111	11788	0
Башнефт ап	D	20111215	000000	1121.1	1130	1060	1095	24139	0
Башнефт ап	D	20111216	000000	1097.5	1109	1094.1	1097.5	8716	0
Башнефт ап	D	20111219	000000	1090	1100	1064	1069.9	9672	0
Башнефт ап	D	20111220	000000	1062.1	1071.9	1044.7	1052.5	13494	0
Башнефт ап	D	20111221	000000	1052.5	1065	1040	1043.5	9490	0
Башнефт ап	D	20111222	000000	1049.8	1070	1045.3	1057.5	14407	0
Башнефт ап	D	20111223	000000	1064.9	1080	1052	1059.5	12739	0
Башнефт ап	D	20111226	000000	1060	1085	1056.3	1070	9527	0
Башнефт ап	D	20111227	000000	1074.9	1092	1060	1070	27855	0
Башнефт ап	D	20111228	000000	1070	1085	1061	1065	9490	0
Башнефт ап	D	20111229	000000	1064.8	1075	1050.7	1070	6950	0
Башнефт ап	D	20111230	000000	1072.5	1080	1060.5	1071	5308	0
Башнефт ап	D	20120103	000000	1079.6	1099.5	1075	1095	2529	0
Башнефт ап	D	20120104	000000	1099.7	1139.7	1096.1	1117	1294	0
Башнефт ап	D	20120105	000000	1120	1120	1116	1119.9	3420	0
Башнефт ап	D	20120106	000000	1116	1139.7	1116	1132.6	3620	0
Башнефт ап	D	20120109	000000	1138	1154	1130	1141	4946	0
Башнефт ап	D	20120110	000000	1148	1158.9	1140	1145	9015	0
Башнефт ап	D	20120111	000000	1146	1154	1141	1146.9	11178	0
Башнефт ап	D	20120112	000000	1147	1156.9	1143.2	1145	14012	0
Башнефт ап	D	20120113	000000	1147.4	1168.7	1147.4	1154.9	27974	0
Башнефт ап	D	20120116	000000	1150	1195	1150	1190	6638	0
Башнефт ап	D	20120117	000000	1189.9	1219.5	1189.9	1215.1	13470	0
Башнефт ап	D	20120118	000000	1215	1227.2	1210.5	1225.9	16449	0
Башнефт ап	D	20120119	000000	1223	1250	1223	1236.9	10533	0
Башнефт ап	D	20120120	000000	1322.5	1322.5	1223	1225	13137	0
Башнефт ап	D	20120123	000000	1225	1227	1210.2	1214	4944	0
Башнефт ап	D	20120124	000000	1213.9	1217	1207.5	1210.9	11087	0
Башнефт ап	D	20120125	000000	1211	1220.5	1209.2	1214.9	30570	0
Башнефт ап	D	20120126	000000	1224.9	1239	1203	1213	24467	0
Башнефт ап	D	20120127	000000	1205.1	1214.3	1175	1180	30523	0
Башнефт ап	D	20120130	000000	1154.9	1200	1154.9	1193.9	8796	0
Башнефт ап	D	20120131	000000	1190	1214.9	1180	1210	6524	0
Башнефт ап	D	20120201	000000	1209.5	1217	1205.6	1214	9960	0
Башнефт ап	D	20120202	000000	1219.5	1219.5	1205.2	1209.8	20490	0
Башнефт ап	D	20120203	000000	1215.7	1226	1210	1225	14188	0
Башнефт ап	D	20120206	000000	1229.5	1234	1220	1228.5	5796	0
Башнефт ап	D	20120207	000000	1228	1245	1227	1243.8	19706	0
Башнефт ап	D	20120208	000000	1244.9	1283	1244.1	1272	42179	0
Башнефт ап	D	20120209	000000	1272	1274	1235.1	1258.3	8074	0
Башнефт ап	D	20120210	000000	1258.5	1269.7	1240	1256	21194	0
Башнефт ап	D	20120213	000000	1269.9	1274	1257.3	1269.2	45961	0
Башнефт ап	D	20120214	000000	1270	1274.5	1262	1267.7	40302	0
Башнефт ап	D	20120215	000000	1277	1310	1277	1305	27428	0
Башнефт ап	D	20120216	000000	1305	1305	1283	1305	9303	0
Башнефт ап	D	20120217	000000	1320.3	1320.3	1295	1307.9	10823	0
Башнефт ап	D	20120220	000000	1318	1318	1307	1310	10459	0
Башнефт ап	D	20120221	000000	1310	1312.4	1297.1	1308.6	12179	0
Башнефт ап	D	20120222	000000	1300.9	1309.4	1300.1	1305.9	14587	0
Башнефт ап	D	20120224	000000	1308.9	1333	1307.1	1332.9	60045	0
Башнефт ап	D	20120227	000000	1330	1339	1318	1327	42347	0
Башнефт ап	D	20120228	000000	1332.9	1344	1320	1334.3	26747	0
Башнефт ап	D	20120229	000000	1334.3	1358.9	1330	1347	19636	0
Башнефт ап	D	20120301	000000	1346	1352	1330.9	1344.9	13815	0
Башнефт ап	D	20120302	000000	1351.5	1366.9	1344.6	1359.5	24751	0
Башнефт ап	D	20120305	000000	1358.5	1374	1358.5	1360	32792	0
Башнефт ап	D	20120306	000000	1350.4	1360.1	1320.3	1323	38066	0
Башнефт ап	D	20120307	000000	1332.3	1340	1315.1	1335.1	12146	0
Башнефт ап	D	20120311	000000	1350	1382.8	1337	1375.9	12897	0
Башнефт ап	D	20120312	000000	1377	1437.9	1377	1409	98705	0
Башнефт ап	D	20120313	000000	1419.8	1425	1410.2	1414.8	41656	0
Башнефт ап	D	20120314	000000	1419	1426.3	1410	1413.1	84102	0
Башнефт ап	D	20120315	000000	1399.3	1408	1376.5	1397	19169	0
Башнефт ап	D	20120316	000000	1392.3	1399.9	1369.1	1370	34983	0
Башнефт ап	D	20120319	000000	1382.5	1382.5	1355	1362.5	23054	0
Башнефт ап	D	20120320	000000	1362.4	1362.5	1349.9	1352	13789	0
Башнефт ап	D	20120321	000000	1359.8	1359.8	1350.6	1353	10551	0
Башнефт ап	D	20120322	000000	1353.5	1357	1320	1320	20630	0
Башнефт ап	D	20120323	000000	1329.9	1359	1315	1317.6	102824	0
Башнефт ап	D	20120326	000000	1320	1323.2	1316	1317	34950	0
Башнефт ап	D	20120327	000000	1319	1319	1285	1295	33576	0
Башнефт ап	D	20120328	000000	1295	1295	1271.2	1273	51530	0
Башнефт ап	D	20120329	000000	1271.1	1279	1250	1258.9	21290	0
Башнефт ап	D	20120330	000000	1270	1285	1262.1	1280	29220	0
Башнефт ап	D	20120402	000000	1280	1280	1250	1251.3	44359	0
Башнефт ап	D	20120403	000000	1260.7	1265	1250	1257	18342	0
Башнефт ап	D	20120404	000000	1256.9	1270.1	1252.2	1260	28623	0
Башнефт ап	D	20120405	000000	1264.8	1272.8	1251	1258.1	23071	0
Башнефт ап	D	20120406	000000	1263.5	1264.8	1252.2	1259	13417	0
Башнефт ап	D	20120409	000000	1258	1283.9	1253.5	1279	17694	0
Башнефт ап	D	20120410	000000	1280	1290	1272	1285.9	60747	0
Башнефт ап	D	20120411	000000	1282.4	1285.5	1272	1278.5	16935	0
Башнефт ап	D	20120412	000000	1279	1284.5	1266	1280	32234	0
Башнефт ап	D	20120413	000000	1288.4	1288.4	1275	1280	9938	0
Башнефт ап	D	20120416	000000	1274.9	1280	1269.9	1275.7	20155	0
Башнефт ап	D	20120417	000000	1276.9	1276.9	1250	1274.7	11751	0
Башнефт ап	D	20120418	000000	1276.8	1276.8	1273	1275	20649	0
Башнефт ап	D	20120419	000000	1274.9	1284.9	1274.9	1280.6	38295	0
Башнефт ап	D	20120420	000000	1280.9	1310	1278	1302.9	24906	0
Башнефт ап	D	20120423	000000	1336.5	1336.5	1290	1316	36719	0
Башнефт ап	D	20120424	000000	1319.9	1320	1223	1253.9	34044	0
Башнефт ап	D	20120425	000000	1251	1259.5	1235	1239.9	74088	0
Башнефт ап	D	20120426	000000	1239.9	1239.9	1160	1170	37772	0
Башнефт ап	D	20120427	000000	1178.9	1233.6	1174.9	1216.8	38150	0
Башнефт ап	D	20120428	000000	1225.7	1225.7	1194.9	1219	11726	0
Башнефт ап	D	20120502	000000	1252.5	1252.5	1207.1	1214.9	8706	0
Башнефт ап	D	20120503	000000	1217	1217	1190.5	1196	12635	0
Башнефт ап	D	20120504	000000	1180.1	1201.4	1167	1170	11875	0
Башнефт ап	D	20120505	000000	1170	1178.7	1150	1177.7	15803	0
Башнефт ап	D	20120507	000000	1171.7	1171.7	1150	1170	4477	0
Башнефт ап	D	20120508	000000	1127.5	1194.9	1124.9	1160.4	2667	0
Башнефт ап	D	20120510	000000	1173.9	1173.9	1156.1	1170.9	9987	0
Башнефт ап	D	20120511	000000	1174.6	1210	1163.5	1179	6540	0
Башнефт ап	D	20120512	000000	1179	1188.8	1166.2	1180	5589	0
Башнефт ап	D	20120514	000000	1178.1	1180.9	1130	1157	29299	0
Башнефт ап	D	20120515	000000	1147	1199	1130.1	1194.7	31299	0
Башнефт ап	D	20120516	000000	1116.2	1116.2	1037.7	1065	26859	0
Башнефт ап	D	20120517	000000	1065	1069	1015.2	1021.1	16342	0
Башнефт ап	D	20120518	000000	1015	1028.7	982.5	1021.4	11947	0
Башнефт ап	D	20120521	000000	1069.5	1069.5	1025	1045.1	19203	0
Башнефт ап	D	20120522	000000	1049.3	1054.2	1000	1048.9	17810	0
Башнефт ап	D	20120523	000000	1047	1047	1000	1014	8558	0
Башнефт ап	D	20120524	000000	1019.5	1045	1019.5	1044.2	3598	0
Башнефт ап	D	20120525	000000	1045	1079	1040	1070.9	4396	0
Башнефт ап	D	20120528	000000	1073.9	1098.5	1070	1090	6288	0
Башнефт ап	D	20120529	000000	1099	1119.8	1080.1	1094.2	4249	0
Башнефт ап	D	20120530	000000	1098.3	1098.3	1065	1085.6	1019	0
Башнефт ап	D	20120531	000000	1035.3	1110	1035.3	1071	7926	0
Башнефт ап	D	20120601	000000	1065.5	1085	1051	1070	15198	0
Башнефт ап	D	20120604	000000	1051.1	1077	1050	1075	7639	0
Башнефт ап	D	20120605	000000	1083.6	1095	1069.8	1070	3690	0
Башнефт ап	D	20120606	000000	1070.5	1108	1070	1100	9937	0
Башнефт ап	D	20120607	000000	1110.5	1128	1084.9	1125	14367	0
Башнефт ап	D	20120608	000000	1110.1	1130	1088	1109	15901	0
Башнефт ап	D	20120609	000000	1118.6	1124.5	1106	1110	1003	0
Башнефт ап	D	20120613	000000	1120.5	1129	1107.2	1115	14964	0
Башнефт ап	D	20120614	000000	1120	1144	1120	1141	11124	0
Башнефт ап	D	20120615	000000	1140.1	1165	1138	1165	5097	0
Башнефт ап	D	20120618	000000	1169	1180.2	1153.1	1159.9	19426	0
Башнефт ап	D	20120619	000000	1151.1	1159	1116.1	1155	3163	0
Башнефт ап	D	20120620	000000	1155	1165	1150	1160	8923	0
Башнефт ап	D	20120621	000000	1146.1	1175.1	1130	1157	16959	0
Башнефт ап	D	20120622	000000	1153	1160	1140	1160	5959	0
Башнефт ап	D	20120625	000000	1161.9	1165.3	1150	1162.5	4764	0
Башнефт ап	D	20120626	000000	1162.3	1165	1150	1161.7	4656	0
Башнефт ап	D	20120627	000000	1319	1319	1150	1155	2812	0
Башнефт ап	D	20120628	000000	1159.8	1179	1159	1160	9404	0
Башнефт ап	D	20120629	000000	1169.4	1184.4	1163	1175	13302	0
Башнефт ап	D	20120702	000000	1175	1209	1170	1209	15476	0
Башнефт ап	D	20120703	000000	1212.9	1212.9	1197.2	1205	9441	0
Башнефт ап	D	20120704	000000	1210	1210	1197	1205	10405	0
Башнефт ап	D	20120705	000000	1208.9	1209.4	1199.5	1200	2902	0
Башнефт ап	D	20120706	000000	1199	1200.5	1190	1195.1	9376	0
Башнефт ап	D	20120709	000000	1198	1198.9	1187	1192.4	16370	0
Башнефт ап	D	20120710	000000	1192.1	1234	1179	1208	39117	0
Башнефт ап	D	20120711	000000	1134.5	1215	1134.5	1200	2041	0
Башнефт ап	D	20120712	000000	1200	1200	1177.2	1184.9	4998	0
Башнефт ап	D	20120713	000000	1199	1199	1164	1189.9	8709	0
Башнефт ап	D	20120716	000000	1245.1	1245.1	1176	1194.7	18331	0
Башнефт ап	D	20120717	000000	1194.7	1209.7	1188.1	1200	25741	0
Башнефт ап	D	20120718	000000	1205	1205	1191	1194.1	9072	0
Башнефт ап	D	20120719	000000	1199.9	1200	1181.1	1189.9	13822	0
Башнефт ап	D	20120720	000000	1189.9	1189.9	1150	1170	11573	0
Башнефт ап	D	20120723	000000	1170	1190	1115.7	1124	21624	0
Башнефт ап	D	20120724	000000	1122.5	1143	1116	1129	13538	0
Башнефт ап	D	20120725	000000	1137.7	1137.7	1122	1128.8	5353	0
Башнефт ап	D	20120726	000000	1129.9	1134.9	1125.1	1129.9	14492	0
Башнефт ап	D	20120727	000000	1130	1151	1129.1	1137	38393	0
Башнефт ап	D	20120730	000000	1140	1148.8	1131.7	1137.7	11241	0
Башнефт ап	D	20120731	000000	1147.6	1150	1134	1150	20457	0
Башнефт ап	D	20120801	000000	1139.8	1143	1055	1125.1	13759	0
Башнефт ап	D	20120802	000000	1129.7	1130.8	1125	1127	7019	0
Башнефт ап	D	20120803	000000	1129.9	1132.8	1120	1126.8	14779	0
Башнефт ап	D	20120806	000000	1126	1135	1124	1131.5	8523	0
Башнефт ап	D	20120807	000000	1135	1150	1125	1140	9969	0
Башнефт ап	D	20120808	000000	1150	1150	1132.5	1137	10761	0
Башнефт ап	D	20120809	000000	1147.9	1160	1140	1158	8328	0
Башнефт ап	D	20120810	000000	1143	1165	1142.9	1154.9	5447	0
Башнефт ап	D	20120813	000000	1159.5	1170	1135	1154	5508	0
Башнефт ап	D	20120814	000000	1190	1190	1140	1155.9	7202	0
Башнефт ап	D	20120815	000000	1141.1	1159.9	1141.1	1148	16042	0
Башнефт ап	D	20120816	000000	1164.5	1164.5	1140	1155.9	2224	0
Башнефт ап	D	20120817	000000	1157.4	1157.4	1150	1154.4	1515	0
Башнефт ап	D	20120820	000000	1157	1157	1130.1	1140	11666	0
Башнефт ап	D	20120821	000000	1148.9	1149.9	1138.2	1147.7	6944	0
Башнефт ап	D	20120822	000000	1140.1	1156.8	1133	1156.7	5151	0
Башнефт ап	D	20120823	000000	1159	1180	1157	1173.8	17213	0
Башнефт ап	D	20120824	000000	1168.9	1179	1165.9	1173	2427	0
Башнефт ап	D	20120827	000000	1184	1184	1169	1183	3586	0
Башнефт ап	D	20120828	000000	1180.2	1194.9	1179.7	1193.5	10565	0
Башнефт ап	D	20120829	000000	1195	1198.7	1186	1190	20311	0
Башнефт ап	D	20120830	000000	1186	1209	1186	1209	24878	0
Башнефт ап	D	20120831	000000	1212.8	1224	1190	1219.6	33806	0
Башнефт ап	D	20120903	000000	1200.5	1240	1200	1237.7	14010	0
Башнефт ап	D	20120904	000000	1243.8	1275.5	1234.9	1266	37709	0
Башнефт ап	D	20120905	000000	1261	1296	1260	1290.2	30791	0
Башнефт ап	D	20120906	000000	1290	1330	1282	1324.9	45645	0
Башнефт ап	D	20120907	000000	1316	1333	1308.5	1309.4	19124	0
Башнефт ап	D	20120910	000000	1320.8	1323.6	1291.2	1295.5	10601	0
Башнефт ап	D	20120911	000000	1288.5	1302.5	1261.1	1278.6	49821	0
Башнефт ап	D	20120912	000000	1289.9	1304.8	1270.1	1304.5	6035	0
Башнефт ап	D	20120913	000000	1299.9	1315	1290	1295.1	20339	0
Башнефт ап	D	20120914	000000	1319	1345	1299.9	1335	40899	0
Башнефт ап	D	20120917	000000	1330.1	1408.6	1314	1365	55098	0
Башнефт ап	D	20120918	000000	1356.1	1359.4	1319	1320.3	14573	0
Башнефт ап	D	20120919	000000	1334.5	1338.7	1295	1298.2	11912	0
Башнефт ап	D	20120920	000000	1300	1353.3	1280	1320.4	10044	0
Башнефт ап	D	20120921	000000	1329.8	1329.9	1290	1310.1	6699	0
Башнефт ап	D	20120924	000000	1305.2	1328.8	1299.1	1326	11518	0
Башнефт ап	D	20120925	000000	1540.5	1540.5	1299	1307	6339	0
Башнефт ап	D	20120926	000000	1305	1315	1250.4	1284	43080	0
Башнефт ап	D	20120927	000000	1284.4	1303.5	1260.1	1301.4	13257	0
Башнефт ап	D	20120928	000000	1304.7	1310	1262.5	1279.9	9867	0
Башнефт ап	D	20121001	000000	1279.5	1360	1269.9	1339.7	21137	0
Башнефт ап	D	20121002	000000	1340	1354.9	1328	1347.8	27851	0
Башнефт ап	D	20121003	000000	1335.1	1365	1311	1336	9903	0
Башнефт ап	D	20121004	000000	1337.5	1341.5	1308.1	1331.9	8282	0
Башнефт ап	D	20121005	000000	1348.9	1376	1340.6	1368	18694	0
Башнефт ап	D	20121008	000000	1374.8	1380	1351.3	1369	9732	0
Башнефт ап	D	20121009	000000	1369.9	1379	1351	1365	12177	0
Башнефт ап	D	20121010	000000	1363	1374.9	1340	1345	14101	0
Башнефт ап	D	20121011	000000	1335.8	1344.9	1327.2	1344.9	9966	0
Башнефт ап	D	20121012	000000	1344.5	1344.5	1281.2	1314	15922	0
Башнефт ап	D	20121015	000000	1314	1323.8	1305.2	1317.5	27472	0
Башнефт ап	D	20121016	000000	1320	1325	1287	1318.5	12300	0
Башнефт ап	D	20121017	000000	1321.9	1330	1300.3	1315.8	16200	0
Башнефт ап	D	20121018	000000	1340	1340	1310	1315	7619	0
Башнефт ап	D	20121019	000000	1315	1325	1297	1297	15734	0
Башнефт ап	D	20121022	000000	1312.9	1319	1290	1319	4794	0
Башнефт ап	D	20121023	000000	1314.9	1319.9	1264.2	1280.1	18128	0
Башнефт ап	D	20121024	000000	1303	1303	1269.8	1287.9	4358	0
Башнефт ап	D	20121025	000000	1289.8	1295.1	1270.4	1292.4	2724	0
Башнефт ап	D	20121026	000000	1285	1295	1265	1280	9749	0
Башнефт ап	D	20121029	000000	1280.1	1289.9	1265	1274	5513	0
Башнефт ап	D	20121030	000000	1257.6	1283	1255	1260	10558	0
Башнефт ап	D	20121031	000000	1261	1288.8	1260	1265.2	6892	0
Башнефт ап	D	20121101	000000	1262.6	1280	1262.6	1271.9	11679	0
Башнефт ап	D	20121102	000000	1518.9	1518.9	1265	1315	29813	0
Башнефт ап	D	20121106	000000	1301	1325	1301	1311.2	5592	0
Башнефт ап	D	20121107	000000	1320.7	1321.5	1300.1	1304.1	16374	0
Башнефт ап	D	20121108	000000	1304.1	1305	1277	1278	24650	0
Башнефт ап	D	20121109	000000	1278.1	1288.5	1263	1270	5788	0
Башнефт ап	D	20121112	000000	1279.7	1279.9	1265	1273.9	4051	0
Башнефт ап	D	20121113	000000	1273.1	1294	1267.2	1277	8565	0
Башнефт ап	D	20121114	000000	1277	1285	1270.3	1280	5934	0
Башнефт ап	D	20121115	000000	1274	1292	1272	1291.9	17954	0
Башнефт ап	D	20121116	000000	1285	1312.1	1283.2	1310	13851	0
Башнефт ап	D	20121119	000000	1312	1329.9	1312	1316	19711	0
Башнефт ап	D	20121120	000000	1315	1320	1297	1316	7950	0
Башнефт ап	D	20121121	000000	1315.5	1319.5	1307.2	1307.3	10989	0
Башнефт ап	D	20121122	000000	1316	1324.5	1310	1312.1	33446	0
Башнефт ап	D	20121123	000000	1292.5	1318.9	1292.5	1310	5464	0
Башнефт ап	D	20121126	000000	1309	1318.1	1302	1304	5100	0
Башнефт ап	D	20121127	000000	1314.6	1314.6	1300.1	1309	15770	0
Башнефт ап	D	20121128	000000	1299.1	1314	1299	1309.6	6359	0
Башнефт ап	D	20121129	000000	1313.9	1319.6	1305	1318.8	7606	0
Башнефт ап	D	20121130	000000	1317.9	1334.9	1312.2	1328	30505	0
Башнефт ап	D	20121203	000000	1337.5	1345	1320	1339.9	3998	0
Башнефт ап	D	20121204	000000	1346.7	1346.7	1322.1	1326	62347	0
Башнефт ап	D	20121205	000000	1319	1344.8	1319	1339.1	11395	0
Башнефт ап	D	20121206	000000	1341.3	1341.3	1324.1	1333	3606	0
Башнефт ап	D	20121207	000000	1330	1330	1310	1320	10647	0
Башнефт ап	D	20121210	000000	1322.5	1329.8	1312.1	1323	8606	0
Башнефт ап	D	20121211	000000	1320	1328.9	1311	1326.9	4873	0
Башнефт ап	D	20121212	000000	1329.8	1329.8	1317	1317	12514	0
Башнефт ап	D	20121213	000000	1320	1339.9	1315	1318	4910	0
Башнефт ап	D	20121214	000000	1320	1329.5	1320	1329	5948	0
Башнефт ап	D	20121217	000000	1329.8	1339	1308	1339	132709	0
Башнефт ап	D	20121218	000000	1340	1365.9	1330.5	1362.9	26501	0
Башнефт ап	D	20121219	000000	1360.9	1361.7	1347	1357.2	10162	0
Башнефт ап	D	20121220	000000	1357.1	1357.1	1332	1345.3	8203	0
Башнефт ап	D	20121221	000000	1333.4	1340	1315.2	1336.4	13055	0
Башнефт ап	D	20121224	000000	1338	1338	1310	1325	13328	0
Башнефт ап	D	20121225	000000	1325	1329	1324.1	1327.8	2496	0
Башнефт ап	D	20121226	000000	1325.1	1339	1324	1334.9	2849	0
Башнефт ап	D	20121227	000000	1330.1	1338.9	1325.2	1337	2041	0
Башнефт ап	D	20121228	000000	1330.5	1334.8	1325.6	1332.2	2687	0
Башнефт ап	D	20130108	000000	1316.1	1379.9	1316.1	1373.9	5283	0
Башнефт ап	D	20130109	000000	1372	1373	1352	1368	4604	0
Башнефт ап	D	20130110	000000	1356	1370	1350.1	1369.6	14803	0
Башнефт ап	D	20130111	000000	1363.4	1370	1350.1	1355	26191	0
Башнефт ап	D	20130114	000000	1359.9	1369.8	1349	1349.1	7009	0
Башнефт ап	D	20130115	000000	1349.1	1374.9	1331	1364	16017	0
Башнефт ап	D	20130116	000000	1372	1372	1333.1	1355.9	16715	0
Башнефт ап	D	20130117	000000	1350.1	1364.9	1345.3	1362.5	7292	0
Башнефт ап	D	20130118	000000	1374.3	1374.3	1342	1362	7019	0
Башнефт ап	D	20130121	000000	1369.9	1379	1354.1	1375	20157	0
Башнефт ап	D	20130122	000000	1373	1379	1361	1370	24873	0
Башнефт ап	D	20130123	000000	1379.4	1386	1360	1373	29719	0
Башнефт ап	D	20130124	000000	1370.1	1370.1	1356.2	1370	15962	0
Башнефт ап	D	20130125	000000	1370	1374	1357	1365.3	6070	0
Башнефт ап	D	20130128	000000	1365.2	1389	1365.2	1388.7	16184	0
Башнефт ап	D	20130129	000000	1389.7	1425	1386.3	1391	28425	0
Башнефт ап	D	20130130	000000	1390.3	1407.9	1390.2	1400	17572	0
Башнефт ап	D	20130131	000000	1397.4	1447	1385.1	1446.9	42149	0
Башнефт ап	D	20130201	000000	1439.9	1446.9	1419.4	1435.1	22263	0
Башнефт ап	D	20130204	000000	1449.2	1449.2	1430.1	1442	13486	0
Башнефт ап	D	20130205	000000	1440	1442	1427.3	1432	6328	0
Башнефт ап	D	20130206	000000	1428.2	1441	1417	1424	31504	0
Башнефт ап	D	20130207	000000	1429.8	1438.9	1420	1437.9	7994	0
Башнефт ап	D	20130208	000000	1437	1437	1377	1413.6	24288	0
Башнефт ап	D	20130211	000000	1420.6	1420.6	1390	1401	8764	0
Башнефт ап	D	20130212	000000	1407.3	1407.3	1395	1402.8	4986	0
Башнефт ап	D	20130213	000000	1404	1424.8	1395	1422	6662	0
Башнефт ап	D	20130214	000000	1430.6	1430.6	1395.1	1415	17855	0
Башнефт ап	D	20130215	000000	1403.9	1422	1403.9	1417	7831	0
Башнефт ап	D	20130218	000000	1410.1	1422	1410	1421.9	5225	0
Башнефт ап	D	20130219	000000	1424.8	1424.8	1409.2	1412.1	4278	0
Башнефт ап	D	20130220	000000	1405.1	1419.9	1404.1	1405.1	5452	0
Башнефт ап	D	20130221	000000	1404.5	1405	1367	1367.1	42685	0
Башнефт ап	D	20130222	000000	1375	1399.8	1367.1	1391.8	8384	0
Башнефт ап	D	20130225	000000	1390	1403.3	1387	1398.6	5507	0
Башнефт ап	D	20130226	000000	1393.9	1393.9	1374	1384.9	11551	0
Башнефт ап	D	20130227	000000	1389.7	1389.8	1370	1380.7	4259	0
Башнефт ап	D	20130228	000000	1384.9	1389.8	1378.9	1387.7	5777	0
Башнефт ап	D	20130301	000000	1383.8	1394.9	1375	1381.2	7415	0
Башнефт ап	D	20130304	000000	1393.3	1393.3	1376	1386.9	10903	0
Башнефт ап	D	20130305	000000	1390	1394.4	1381.5	1392	14175	0
Башнефт ап	D	20130306	000000	1398	1404.5	1390.3	1404	7198	0
Башнефт ап	D	20130307	000000	1404	1412.9	1392	1410	6146	0
Башнефт ап	D	20130311	000000	1412.4	1435	1400.7	1424.8	14895	0
Башнефт ап	D	20130312	000000	1432	1432	1400	1429.9	11067	0
Башнефт ап	D	20130313	000000	1424.9	1465	1410	1465	30868	0
Башнефт ап	D	20130314	000000	1459.9	1468.4	1445.1	1460	27803	0
Башнефт ап	D	20130315	000000	1466.5	1470	1422.2	1422.3	13347	0
Башнефт ап	D	20130318	000000	1421.2	1421.2	1360	1400	11876	0
Башнефт ап	D	20130319	000000	1400	1400	1375	1375.5	7776	0
Башнефт ап	D	20130320	000000	1378	1378	1340	1374.7	42848	0
Башнефт ап	D	20130321	000000	1374	1384.8	1361.1	1375	13668	0
Башнефт ап	D	20130322	000000	1375.5	1375.5	1340	1349.4	8703	0
Башнефт ап	D	20130325	000000	1351.9	1369	1300	1315	8915	0
Башнефт ап	D	20130326	000000	1325.3	1325.3	1305	1315.9	18637	0
Башнефт ап	D	20130327	000000	1324.9	1331.1	1282	1306	39576	0
Башнефт ап	D	20130328	000000	1308	1322.1	1297.1	1307	18256	0
Башнефт ап	D	20130329	000000	1310	1314.9	1300.1	1310	6117	0
Башнефт ап	D	20130401	000000	1310	1329.5	1301.1	1305.2	8112	0
Башнефт ап	D	20130402	000000	1306.1	1323	1301	1311	7728	0
Башнефт ап	D	20130403	000000	1310	1324.9	1305.3	1321.6	5739	0
Башнефт ап	D	20130404	000000	1365	1365	1300	1300	25459	0
Башнефт ап	D	20130405	000000	1339	1339	1291.9	1300	12303	0
Башнефт ап	D	20130408	000000	1299	1335	1281	1291.9	9807	0
Башнефт ап	D	20130409	000000	1295.1	1317.9	1281	1296.6	12267	0
Башнефт ап	D	20130410	000000	1295.6	1315	1290	1300.1	17148	0
Башнефт ап	D	20130411	000000	1304.9	1305.3	1292.1	1297.5	24544	0
Башнефт ап	D	20130412	000000	1339.2	1339.2	1275	1275.8	20557	0
Башнефт ап	D	20130415	000000	1292.3	1309	1252.9	1260	22437	0
Башнефт ап	D	20130416	000000	1249	1270.1	1207.1	1243.1	29473	0
Башнефт ап	D	20130417	000000	1249.9	1263.6	1210	1210	8399	0
Башнефт ап	D	20130418	000000	1210.5	1223.9	1204.1	1204.1	8726	0
Башнефт ап	D	20130419	000000	1213.9	1261	1211.5	1260	11265	0
Башнефт ап	D	20130422	000000	1253.7	1280	1220	1230	14453	0
Башнефт ап	D	20130423	000000	1235	1246.5	1227.7	1234.9	1808	0
Башнефт ап	D	20130424	000000	1244.8	1272.8	1240	1271.4	10252	0
Башнефт ап	D	20130425	000000	1275	1278	1257.6	1273	13360	0
Башнефт ап	D	20130426	000000	1272	1272	1253	1268	6781	0
Башнефт ап	D	20130429	000000	1269	1271.8	1235.1	1236.7	3905	0
Башнефт ап	D	20130430	000000	1249.5	1254.7	1179	1180.5	27287	0
Башнефт ап	D	20130502	000000	1150	1150.1	1047.7	1065	34609	0
Башнефт ап	D	20130503	000000	1068	1078.7	1033.7	1043.2	22969	0
Башнефт ап	D	20130506	000000	1064.5	1069	1027	1031.9	28485	0
Башнефт ап	D	20130507	000000	1026	1040	1006	1040	41949	0
Башнефт ап	D	20130508	000000	1048.5	1069.9	1024.9	1040	35330	0
Башнефт ап	D	20130510	000000	1048.8	1060	1010.1	1016.8	13511	0
Башнефт ап	D	20130513	000000	1016.8	1025.7	1008	1017	16265	0
Башнефт ап	D	20130514	000000	1024.9	1053.5	1012.7	1041	24694	0
Башнефт ап	D	20130515	000000	1048.9	1054.8	1026.1	1039	29759	0
Башнефт ап	D	20130516	000000	1016.8	1026.7	1001	1007.1	20009	0
Башнефт ап	D	20130517	000000	1005	1040	1005	1040	22668	0
Башнефт ап	D	20130520	000000	1079.5	1079.5	1028.8	1050	42757	0
Башнефт ап	D	20130521	000000	1045.4	1077	1040	1063	15306	0
Башнефт ап	D	20130522	000000	1068.9	1099	1050.2	1098	73862	0
Башнефт ап	D	20130523	000000	1085	1087.9	1014.5	1025.4	46489	0
Башнефт ап	D	20130524	000000	1045.5	1045.5	1012	1020	21478	0
Башнефт ап	D	20130527	000000	1026.5	1031	1020.3	1030.7	6848	0
Башнефт ап	D	20130528	000000	1030	1057	1026	1040	18221	0
Башнефт ап	D	20130529	000000	1039.3	1040	1020	1038	38948	0
Башнефт ап	D	20130530	000000	1038	1054	1025.6	1050	15482	0
Башнефт ап	D	20130531	000000	1050	1065	1045.1	1047.3	15790	0
Башнефт ап	D	20130603	000000	1038	1050	1026.1	1035	15742	0
Башнефт ап	D	20130604	000000	1044.9	1050	1024	1045	33835	0
Башнефт ап	D	20130605	000000	1032.6	1044.8	1027	1043.1	25447	0
Башнефт ап	D	20130606	000000	1038	1046	1030	1030	17968	0
Башнефт ап	D	20130607	000000	1037.9	1049	1035	1039.9	17109	0
Башнефт ап	D	20130610	000000	1047.7	1056.9	1035.3	1055	9601	0
Башнефт ап	D	20130611	000000	1045.9	1057	1028.1	1029	5666	0
Башнефт ап	D	20130613	000000	1025.1	1029.6	995.2	1006	13311	0
Башнефт ап	D	20130614	000000	1017	1037.7	1010	1018.6	27925	0
Башнефт ап	D	20130617	000000	1018.5	1139.4	1016.1	1033	67475	0
Башнефт ап	D	20130618	000000	1062.5	1076	1040	1061.4	20495	0
Башнефт ап	D	20130619	000000	1066.9	1072	1049.7	1065	7707	0
Башнефт ап	D	20130620	000000	1050.1	1050.1	1020.1	1037.8	10582	0
Башнефт ап	D	20130621	000000	1035.3	1053.8	1025.4	1035.3	5234	0
Башнефт ап	D	20130624	000000	1040	1057	1035.2	1047.5	11751	0
Башнефт ап	D	20130625	000000	1050	1050	952	955.8	61682	0
Башнефт ап	D	20130626	000000	955	967	854.9	884.4	74032	0
Башнефт ап	D	20130627	000000	875	918	854.9	890	45175	0
Башнефт ап	D	20130628	000000	890	909.9	875.1	892	27751	0
Башнефт ап	D	20130701	000000	892	954.5	890.2	939.6	47789	0
Башнефт ап	D	20130702	000000	948	989.8	937	988	68924	0
Башнефт ап	D	20130703	000000	990	994.3	974.6	987	19334	0
Башнефт ап	D	20130704	000000	986.9	989.9	975	977	11881	0
Башнефт ап	D	20130705	000000	975	995.8	963.6	992.3	12509	0
Башнефт ап	D	20130708	000000	1000	1000	979	991.8	7197	0
Башнефт ап	D	20130709	000000	994.7	1000	990	1000	8950	0
Башнефт ап	D	20130710	000000	990.3	1002	990.3	999.9	3252	0
Башнефт ап	D	20130711	000000	998.5	1020	998.5	1019.8	26579	0
Башнефт ап	D	20130712	000000	1023	1057.3	1016.3	1052	34727	0
Башнефт ап	D	20130715	000000	1052	1069.9	1041.5	1068.9	15936	0
Башнефт ап	D	20130716	000000	1068.9	1090	1068.9	1090	12255	0
Башнефт ап	D	20130717	000000	1082.5	1099	1059.9	1088	14606	0
Башнефт ап	D	20130718	000000	1090	1099.8	1055.1	1064.6	12670	0
Башнефт ап	D	20130719	000000	1060.1	1089	1055.8	1080	9083	0
Башнефт ап	D	20130722	000000	1080.9	1090	1056.1	1090	8974	0
Башнефт ап	D	20130723	000000	1090.1	1108	1069	1069.1	19026	0
Башнефт ап	D	20130724	000000	1083.9	1083.9	1065	1070.1	3392	0
Башнефт ап	D	20130725	000000	1077.9	1078	1070	1073	8784	0
Башнефт ап	D	20130726	000000	1070.3	1079.7	1070.3	1079.3	3916	0
Башнефт ап	D	20130729	000000	1046.2	1089.8	1017.5	1081.8	11770	0
Башнефт ап	D	20130730	000000	1104.6	1110	1080.1	1089.9	19747	0
Башнефт ап	D	20130731	000000	1085	1086	1011	1025.1	37808	0
Башнефт ап	D	20130801	000000	1055.9	1095	1055.9	1090	20346	0
Башнефт ап	D	20130802	000000	1079.1	1089.8	1071.8	1079.1	8723	0
Башнефт ап	D	20130805	000000	1072.1	1090.9	1058	1079.9	2609	0
Башнефт ап	D	20130806	000000	1068.3	1077.2	1060	1065	4248	0
Башнефт ап	D	20130807	000000	1073.5	1082.4	1055.1	1079	5486	0
Башнефт ап	D	20130808	000000	1079	1085	1072	1084.5	4093	0
Башнефт ап	D	20130809	000000	1075	1080	1060.1	1079.9	13430	0
Башнефт ап	D	20130812	000000	1096	1096	1067.8	1075	7860	0
Башнефт ап	D	20130813	000000	1075.1	1083	1070	1075	7336	0
Башнефт ап	D	20130814	000000	1070.1	1085	1070.1	1085	4465	0
Башнефт ап	D	20130815	000000	1085	1092.1	1072.5	1073.1	6137	0
Башнефт ап	D	20130816	000000	1075.5	1079.8	1062.5	1073	8288	0
Башнефт ап	D	20130819	000000	1080	1092.5	1070	1090	12880	0
Башнефт ап	D	20130820	000000	1085.9	1116	1075.3	1115	13578	0
Башнефт ап	D	20130821	000000	1115	1194	1104.1	1175.8	29536	0
Башнефт ап	D	20130822	000000	1176.9	1193.5	1134.9	1190	9386	0
Башнефт ап	D	20130823	000000	1200	1200	1160.3	1187	2386	0
Башнефт ап	D	20130826	000000	1192.7	1220.1	1189.9	1208	22243	0
Башнефт ап	D	20130827	000000	1208	1249.4	1186.7	1220	13878	0
Башнефт ап	D	20130828	000000	1220	1240	1210.2	1217.4	17355	0
Башнефт ап	D	20130829	000000	1231.9	1232	1212.5	1220.9	16835	0
Башнефт ап	D	20130830	000000	1215.5	1219.8	1205	1209.7	14009	0
Башнефт ап	D	20130902	000000	1212.4	1219.9	1202	1203	11051	0
Башнефт ап	D	20130903	000000	1200.1	1230	1200	1205.7	11326	0
Башнефт ап	D	20130904	000000	1216.9	1217	1206	1210.6	6870	0
Башнефт ап	D	20130905	000000	1213	1230	1206.1	1230	17090	0
Башнефт ап	D	20130906	000000	1232.2	1242.5	1215.1	1223.6	11529	0
Башнефт ап	D	20130909	000000	1225	1239	1220.5	1223	10038	0
Башнефт ап	D	20130910	000000	1229.6	1235	1223.1	1223.1	12477	0
Башнефт ап	D	20130911	000000	1225	1235	1220	1220	18705	0
Башнефт ап	D	20130912	000000	1217.6	1230.9	1217.5	1220.2	12711	0
Башнефт ап	D	20130913	000000	1229.7	1235.1	1221.1	1223.1	12464	0
Башнефт ап	D	20130916	000000	1228	1298	1223.9	1240	63683	0
Башнефт ап	D	20130917	000000	1241.5	1241.5	1230.1	1235.9	5430	0
Башнефт ап	D	20130918	000000	1232.5	1235	1207.5	1220	20563	0
Башнефт ап	D	20130919	000000	1234.9	1234.9	1218.8	1227	25893	0
Башнефт ап	D	20130920	000000	1199	1235.5	1199	1225	10983	0
Башнефт ап	D	20130923	000000	1228.7	1237.9	1223.1	1235.9	7979	0
Башнефт ап	D	20130924	000000	1236	1250	1228.5	1247.7	7145	0
Башнефт ап	D	20130925	000000	1235.6	1277.5	1235.6	1265	21154	0
Башнефт ап	D	20130926	000000	1268.6	1287	1260.9	1270	10098	0
Башнефт ап	D	20130927	000000	1263.1	1269.8	1242	1268	12281	0
Башнефт ап	D	20130930	000000	1265.9	1272	1250	1258.7	11145	0
Башнефт ап	D	20131001	000000	1259.9	1300	1259.8	1279.9	11886	0
Башнефт ап	D	20131002	000000	1276.8	1281.5	1255	1260	11322	0
Башнефт ап	D	20131003	000000	1255.3	1295.3	1251.9	1280	28734	0
Башнефт ап	D	20131004	000000	1280.1	1314.5	1275	1314.5	35978	0
Башнефт ап	D	20131007	000000	1299.9	1318.9	1299.9	1303.8	7277	0
Башнефт ап	D	20131008	000000	1303.5	1336	1303.4	1318	9558	0
Башнефт ап	D	20131009	000000	1317.8	1330	1311.5	1329.8	11684	0
Башнефт ап	D	20131010	000000	1333.6	1350	1320.4	1349	14150	0
Башнефт ап	D	20131011	000000	1342.8	1356.8	1332.8	1350	27491	0
Башнефт ап	D	20131014	000000	1349.4	1360	1342.5	1358	11681	0
Башнефт ап	D	20131015	000000	1360	1374.1	1360	1372	18098	0
Башнефт ап	D	20131016	000000	1340.8	1370	1340.8	1369.8	14186	0
Башнефт ап	D	20131017	000000	1375.2	1376	1349.8	1365	20327	0
Башнефт ап	D	20131018	000000	1365.1	1407	1360.5	1385	23914	0
Башнефт ап	D	20131021	000000	1390	1409.4	1385.5	1399	11930	0
Башнефт ап	D	20131022	000000	1400	1407.9	1385.7	1405	25252	0
Башнефт ап	D	20131023	000000	1390.7	1404.9	1390.6	1400	10596	0
Башнефт ап	D	20131024	000000	1395.8	1419.8	1395.8	1418.3	8026	0
Башнефт ап	D	20131025	000000	1407.1	1419.5	1402.1	1414.6	9151	0
Башнефт ап	D	20131028	000000	1414.3	1420	1405.1	1419.6	7878	0
Башнефт ап	D	20131029	000000	1490	1504	1445	1490	91300	0
Башнефт ап	D	20131030	000000	1499.4	1504.9	1469	1471	58395	0
Башнефт ап	D	20131031	000000	1462.6	1500	1458	1475	41972	0
Башнефт ап	D	20131101	000000	1356	1356	1282.1	1283	75557	0
Башнефт ап	D	20131105	000000	1281.5	1283.2	1240.2	1258.1	29054	0
Башнефт ап	D	20131106	000000	1258.8	1320	1220	1246.7	29730	0
Башнефт ап	D	20131107	000000	1253.7	1253.7	1215	1231	15559	0
Башнефт ап	D	20131108	000000	1220.1	1230.9	1215	1227	14184	0
Башнефт ап	D	20131111	000000	1226.9	1241.1	1220.1	1229	7624	0
Башнефт ап	D	20131112	000000	1232.1	1249.1	1223	1248.9	32760	0
Башнефт ап	D	20131113	000000	1247.5	1249	1204.9	1218	25309	0
Башнефт ап	D	20131114	000000	1219	1278	1219	1271.9	27173	0
Башнефт ап	D	20131115	000000	1278.4	1287.7	1213	1253.9	12262	0
Башнефт ап	D	20131118	000000	1260.3	1269.9	1251.5	1263.1	6133	0
Башнефт ап	D	20131119	000000	1270	1325.1	1260	1308.9	28685	0
Башнефт ап	D	20131120	000000	1300	1320.7	1299.2	1304.4	14953	0
Башнефт ап	D	20131121	000000	1299.1	1313	1287.1	1305.5	13860	0
Башнефт ап	D	20131122	000000	1267.9	1345	1267.9	1343.8	38441	0
Башнефт ап	D	20131125	000000	1337.1	1371	1327.5	1340	104225	0
Башнефт ап	D	20131126	000000	1349.9	1372.3	1328.6	1369.7	149898	0
Башнефт ап	D	20131127	000000	1383	1383	1341	1342	22046	0
Башнефт ап	D	20131128	000000	1319.4	1363.2	1319.4	1357	10200	0
Башнефт ап	D	20131129	000000	1367.3	1367.3	1340	1352	11842	0
Башнефт ап	D	20131202	000000	1351.7	1370	1312.5	1315.6	7598	0
Башнефт ап	D	20131203	000000	1314	1325.1	1276.9	1310	59454	0
Башнефт ап	D	20131204	000000	1299.9	1324.3	1299.9	1310	28005	0
Башнефт ап	D	20131205	000000	1315.5	1319.4	1310	1310	31546	0
Башнефт ап	D	20131206	000000	1310	1348.9	1310	1315.1	7077	0
Башнефт ап	D	20131209	000000	1330.1	1363.8	1324	1363.8	11053	0
Башнефт ап	D	20131210	000000	1344.9	1369.9	1343.7	1354.7	26662	0
Башнефт ап	D	20131211	000000	1350	1369	1340.7	1355.9	13982	0
Башнефт ап	D	20131212	000000	1348.6	1366.9	1330.3	1356	14098	0
Башнефт ап	D	20131213	000000	1365	1414.9	1357	1392	32936	0
Башнефт ап	D	20131216	000000	1392.5	1447.9	1390	1437.9	35694	0
Башнефт ап	D	20131217	000000	1440	1459	1429.9	1450	22953	0
Башнефт ап	D	20131218	000000	1428.7	1432.7	1399	1427	55827	0
Башнефт ап	D	20131219	000000	1425	1435.2	1400	1410.2	24018	0
Башнефт ап	D	20131220	000000	1410.1	1422	1390.1	1390.1	27412	0
Башнефт ап	D	20131223	000000	1429.7	1429.7	1405.5	1416.5	46026	0
Башнефт ап	D	20131224	000000	1417.8	1421	1408.4	1408.4	8739	0
Башнефт ап	D	20131225	000000	1408	1421	1405	1414.6	11170	0
Башнефт ап	D	20131226	000000	1410	1418.8	1408.1	1410.3	7921	0
Башнефт ап	D	20131227	000000	1413.8	1418.9	1407.5	1415	3794	0
Башнефт ап	D	20131230	000000	1411.1	1430.1	1405.5	1430.1	22116	0
Башнефт ап	D	20140106	000000	1406	1416.6	1391.8	1412.5	21678	0
Башнефт ап	D	20140108	000000	1412	1420.2	1410.1	1417	16689	0
Башнефт ап	D	20140109	000000	1415	1424.6	1410.1	1421	8996	0
Башнефт ап	D	20140110	000000	1410.7	1447	1410.5	1433.8	35302	0
Башнефт ап	D	20140113	000000	1435	1435	1416.1	1423.1	30584	0
Башнефт ап	D	20140114	000000	1415	1430	1405	1427.1	36857	0
Башнефт ап	D	20140115	000000	1429.9	1449	1420.1	1441.9	57121	0
Башнефт ап	D	20140116	000000	1527.5	1527.5	1424.2	1443.6	23603	0
Башнефт ап	D	20140117	000000	1449.6	1459	1437	1450	23098	0
Башнефт ап	D	20140120	000000	1452.5	1470	1450.9	1463.9	37936	0
Башнефт ап	D	20140121	000000	1469.5	1474.9	1456.1	1460.3	7984	0
Башнефт ап	D	20140122	000000	1451.4	1464.5	1441	1445	29203	0
Башнефт ап	D	20140123	000000	1448.8	1459.9	1435	1440.8	51287	0
Башнефт ап	D	20140124	000000	1429.8	1444.9	1411.6	1440	12224	0
Башнефт ап	D	20140127	000000	1434.9	1491	1430	1478.9	22921	0
Башнефт ап	D	20140128	000000	1477	1489.9	1452.2	1468.5	19781	0
Башнефт ап	D	20140129	000000	1460.2	1490.4	1440	1445.9	50139	0
Башнефт ап	D	20140130	000000	1449.9	1480	1445.1	1467	30215	0
Башнефт ап	D	20140131	000000	1453	1480	1441.1	1453	25133	0
Башнефт ап	D	20140203	000000	1459.9	1464.9	1440	1443	14270	0
Башнефт ап	D	20140204	000000	1429.8	1449.8	1410.2	1430.1	15435	0
Башнефт ап	D	20140205	000000	1435.1	1459.7	1430.9	1453.1	9896	0
Башнефт ап	D	20140206	000000	1460	1466.4	1435.1	1465	6988	0
Башнефт ап	D	20140207	000000	1452.3	1475	1452	1473.4	9851	0
Башнефт ап	D	20140210	000000	1464.6	1474.9	1451	1471	6605	0
Башнефт ап	D	20140211	000000	1461.6	1473.7	1453.2	1460.3	6491	0
Башнефт ап	D	20140212	000000	1469.6	1473.6	1460.2	1464	7102	0
Башнефт ап	D	20140213	000000	1462	1468	1449.5	1457	10212	0
Башнефт ап	D	20140214	000000	1461.9	1471.5	1456.6	1468.8	16260	0
Башнефт ап	D	20140217	000000	1469.9	1475.3	1455.1	1472.1	9759	0
Башнефт ап	D	20140218	000000	1460.1	1477	1459.8	1466.1	14188	0
Башнефт ап	D	20140219	000000	1468.8	1474.5	1450	1450.5	20511	0
Башнефт ап	D	20140220	000000	1450.1	1452.9	1440.3	1445.7	10561	0
Башнефт ап	D	20140221	000000	1455.5	1460	1445.3	1446.8	19788	0
Башнефт ап	D	20140224	000000	1447	1449.4	1440.3	1445.5	6200	0
Башнефт ап	D	20140225	000000	1449.8	1460	1429.1	1429.3	24541	0
Башнефт ап	D	20140226	000000	1436.9	1444.7	1412.6	1420	18232	0
Башнефт ап	D	20140227	000000	1420	1430.5	1399.5	1419.7	26273	0
Башнефт ап	D	20140228	000000	1418.8	1429.9	1405	1412	31173	0
Башнефт ап	D	20140303	000000	1140.4	1364.1	1129.7	1328.5	38349	0
Башнефт ап	D	20140304	000000	1348.4	1415	1320	1344.9	35882	0
Башнефт ап	D	20140305	000000	1345.1	1380.1	1320.5	1365	8021	0
Башнефт ап	D	20140306	000000	1377.1	1378.8	1322.7	1336.9	24004	0
Башнефт ап	D	20140307	000000	1330.4	1372	1330.4	1350	52036	0
Башнефт ап	D	20140311	000000	1359.1	1362.2	1325	1325.5	22647	0
Башнефт ап	D	20140312	000000	1325.2	1354.9	1310.2	1320.9	19724	0
Башнефт ап	D	20140313	000000	1320.7	1340.1	1318	1325	22312	0
Башнефт ап	D	20140314	000000	1308.8	1312	1235.1	1251.4	19180	0
Башнефт ап	D	20140317	000000	1233.5	1399	1233.5	1384.9	53460	0
Башнефт ап	D	20140318	000000	1353.3	1373	1320.3	1338.2	27469	0
Башнефт ап	D	20140319	000000	1347.1	1379.9	1322.5	1349.9	14127	0
Башнефт ап	D	20140320	000000	1353.8	1394	1350	1389.9	17375	0
Башнефт ап	D	20140321	000000	1370	1400.1	1350	1400	40090	0
Башнефт ап	D	20140324	000000	1400	1434	1384.8	1385.2	9767	0
Башнефт ап	D	20140325	000000	1390.9	1414.8	1381	1399.6	14160	0
Башнефт ап	D	20140326	000000	1395.4	1434	1385.1	1427.7	14738	0
Башнефт ап	D	20140327	000000	1420.6	1430	1395.4	1404	13963	0
Башнефт ап	D	20140328	000000	1418.7	1420.3	1395.2	1401.6	7173	0
Башнефт ап	D	20140331	000000	1412	1435.4	1400	1435.4	7347	0
Башнефт ап	D	20140401	000000	1457.1	1457.1	1405.1	1415	18534	0
Башнефт ап	D	20140402	000000	1417.2	1426	1415	1424.3	8391	0
Башнефт ап	D	20140403	000000	1428.9	1435.3	1420.3	1425.1	50340	0
Башнефт ап	D	20140404	000000	1430	1474.9	1421.1	1474.9	51154	0
Башнефт ап	D	20140407	000000	1465.1	1469.5	1404.3	1430	72297	0
Башнефт ап	D	20140408	000000	1434.8	1458.3	1429.6	1458.3	42934	0
Башнефт ап	D	20140409	000000	1452.8	1460	1442.5	1460	12593	0
Башнефт ап	D	20140410	000000	1455	1489	1453.2	1485	15822	0
Башнефт ап	D	20140411	000000	1470.6	1499.9	1460.6	1482	8562	0
Башнефт ап	D	20140414	000000	1475.8	1481	1452.5	1464.1	14097	0
Башнефт ап	D	20140415	000000	1469.9	1480	1415	1422.5	22368	0
Башнефт ап	D	20140416	000000	1434.9	1484.5	1429.7	1479	18716	0
Башнефт ап	D	20140417	000000	1480.1	1503.9	1476.5	1487.1	18531	0
Башнефт ап	D	20140418	000000	1500	1555.4	1500	1539	11055	0
Башнефт ап	D	20140421	000000	1539	1574.7	1525.1	1551.4	13019	0
Башнефт ап	D	20140506	000000	1604.9	1648.9	1505.1	1525	40842	0
Башнефт ап	D	20140507	000000	1535	1568	1526.1	1553.7	38888	0
Башнефт ап	D	20140508	000000	1564.5	1565	1530	1545	13558	0
Башнефт ап	D	20140512	000000	1559.7	1559.7	1512.2	1515.6	8630	0
Башнефт ап	D	20140513	000000	1520.8	1545	1500	1510.5	19169	0
Башнефт ап	D	20140514	000000	1519	1555	1516	1540	30293	0
Башнефт ап	D	20140515	000000	1556	1567	1525.3	1533.6	21364	0
Башнефт ап	D	20140516	000000	1542.3	1542.8	1523	1534.7	10505	0
Башнефт ап	D	20140519	000000	1534.7	1556	1532.3	1540	28770	0
Башнефт ап	D	20140520	000000	1545	1560	1539	1540	34160	0
Башнефт ап	D	20140521	000000	1550	1555.3	1541	1555	17234	0
Башнефт ап	D	20140522	000000	1555	1559.9	1546.6	1551	13404	0
Башнефт ап	D	20140523	000000	1551.5	1560	1546.9	1554.5	21602	0
Башнефт ап	D	20140526	000000	1554.5	1574.2	1554.5	1570	21598	0
Башнефт ап	D	20140527	000000	1574.5	1597	1560.1	1597	20703	0
Башнефт ап	D	20140528	000000	1596	1640	1577.7	1631	22120	0
Башнефт ап	D	20140529	000000	1642	1652	1634.5	1647.2	21169	0
Башнефт ап	D	20140530	000000	1655	1680	1646.8	1680	25326	0
Башнефт ап	D	20140602	000000	1679	1747	1671.5	1715	22129	0
Башнефт ап	D	20140603	000000	1710.1	1746.3	1710	1737.6	15973	0
Башнефт ап	D	20140604	000000	1650.4	1793.7	1650.4	1773	19341	0
Башнефт ап	D	20140605	000000	1775.3	1817.7	1743.8	1815	53232	0
Башнефт ап	D	20140606	000000	1745.6	1827.7	1745.6	1817.9	31182	0
Башнефт ап	D	20140609	000000	1818.9	1847.4	1803.3	1835.3	20364	0
Башнефт ап	D	20140610	000000	1835.1	1840	1826	1833	17660	0
Башнефт ап	D	20140611	000000	1840	1840	1815.1	1833.2	23164	0
Башнефт ап	D	20140616	000000	1835.1	1880	1815	1848.1	86121	0
Башнефт ап	D	20140617	000000	1845	1869	1801.1	1832	52041	0
Башнефт ап	D	20140618	000000	1838	1843.8	1820.1	1831	47665	0
Башнефт ап	D	20140619	000000	1778	1840	1778	1829.4	86523	0
Башнефт ап	D	20140620	000000	1620.1	1700	1580.4	1654	44054	0
Башнефт ап	D	20140623	000000	1661.5	1687	1601	1632.4	12760	0
Башнефт ап	D	20140624	000000	1640.2	1682	1603.1	1674.7	38932	0
Башнефт ап	D	20140625	000000	1663.1	1698.3	1663.1	1676.5	21022	0
Башнефт ап	D	20140626	000000	1676.7	1694.9	1653.1	1666.7	21442	0
Башнефт ап	D	20140627	000000	1669.9	1674.9	1642.2	1651.1	42798	0
Башнефт ап	D	20140630	000000	1653.1	1653.1	1618	1632.2	16600	0
Башнефт ап	D	20140701	000000	1634.6	1638	1616.7	1626.1	8588	0
Башнефт ап	D	20140702	000000	1628	1696.9	1625.3	1686.9	31758	0
Башнефт ап	D	20140703	000000	1670.6	1735.4	1670.6	1695	23365	0
Башнефт ап	D	20140704	000000	1634.7	1715.3	1634.7	1709	35004	0
Башнефт ап	D	20140707	000000	1708.8	1770	1708.8	1770	27899	0
Башнефт ап	D	20140708	000000	1753	1826	1753	1826	31424	0
Башнефт ап	D	20140709	000000	1807	1848	1754.9	1810	31033	0
Башнефт ап	D	20140710	000000	1812	1837	1805	1825.1	30471	0
Башнефт ап	D	20140711	000000	1824.1	1837.6	1815.8	1830	11502	0
Башнефт ап	D	20140714	000000	1815.4	1838.1	1780.1	1794.9	13965	0
Башнефт ап	D	20140715	000000	1800	1800	1716.3	1769.3	46791	0
Башнефт ап	D	20140716	000000	1740	1768	1699.9	1745	43648	0
Башнефт ап	D	20140717	000000	1721.1	1739.9	1651.8	1684	71466	0
Башнефт ап	D	20140718	000000	1679.9	1680	1613.8	1660	62881	0
Башнефт ап	D	20140721	000000	1669	1691.8	1571.2	1575	47346	0
Башнефт ап	D	20140722	000000	1575.2	1634.8	1575.2	1634.8	43115	0
Башнефт ап	D	20140723	000000	1630.3	1651.4	1586.2	1600	52640	0
Башнефт ап	D	20140724	000000	1660	1660	1549.1	1563.8	17641	0
Башнефт ап	D	20140725	000000	1565	1565	1540	1540	25631	0
Башнефт ап	D	20140728	000000	1525.3	1533	1390.7	1408	52735	0
Башнефт ап	D	20140729	000000	1400	1470	1400	1410	47928	0
Башнефт ап	D	20140730	000000	1395	1460	1395	1448.7	35971	0
Башнефт ап	D	20140731	000000	1447.5	1492	1447.5	1487	12658	0
Башнефт ап	D	20140801	000000	1499.3	1499.3	1415.5	1465	23106	0
Башнефт ап	D	20140804	000000	1475	1498	1451	1498	14577	0
Башнефт ап	D	20140805	000000	1498.5	1498.5	1461	1475	7572	0
Башнефт ап	D	20140806	000000	1475.5	1484	1372	1374.5	42019	0
Башнефт ап	D	20140807	000000	1374.6	1415.7	1280	1410.1	68244	0
Башнефт ап	D	20140808	000000	1396.5	1430	1351.3	1414.9	9793	0
Башнефт ап	D	20140811	000000	1421.7	1463.9	1420	1424	7270	0
Башнефт ап	D	20140812	000000	1423.1	1455	1422	1450	9712	0
Башнефт ап	D	20140813	000000	1449.9	1470	1449.7	1466	15913	0
Башнефт ап	D	20140814	000000	1453.6	1534.7	1453.6	1524	11058	0
Башнефт ап	D	20140815	000000	1538.7	1559.9	1509	1541	9645	0
Башнефт ап	D	20140818	000000	1549.9	1584.6	1541.2	1545	14889	0
Башнефт ап	D	20140819	000000	1551.4	1565	1540.5	1544	8113	0
Башнефт ап	D	20140820	000000	1548.9	1548.9	1512.4	1512.4	13607	0
Башнефт ап	D	20140821	000000	1539.9	1559.2	1520	1559.2	22652	0
Башнефт ап	D	20140822	000000	1554.9	1554.9	1520	1548.2	24638	0
Башнефт ап	D	20140825	000000	1558.3	1558.4	1518.6	1520	32176	0
Башнефт ап	D	20140826	000000	1520.3	1536.9	1503.6	1503.6	11425	0
Башнефт ап	D	20140827	000000	1505.2	1536.7	1480	1480	22016	0
Башнефт ап	D	20140828	000000	1497.8	1497.8	1441	1441	13643	0
Башнефт ап	D	20140829	000000	1449.9	1450.2	1425	1430.8	6617	0
Башнефт ап	D	20140901	000000	1449.6	1449.7	1360.1	1375	71733	0
Башнефт ап	D	20140902	000000	1376.9	1399.9	1372.3	1375	7536	0
Башнефт ап	D	20140903	000000	1390	1409	1385	1392.2	28144	0
Башнефт ап	D	20140904	000000	1403.1	1406.1	1355.2	1365.2	15156	0
Башнефт ап	D	20140905	000000	1360.1	1373.9	1331.1	1345	24531	0
Башнефт ап	D	20140908	000000	1345	1359.4	1339	1350	109130	0
Башнефт ап	D	20140909	000000	1350	1409	1350	1379.9	32284	0
Башнефт ап	D	20140910	000000	1381	1389.4	1374.8	1380	10514	0
Башнефт ап	D	20140911	000000	1410	1410	1360.9	1367.3	17838	0
Башнефт ап	D	20140912	000000	1379.8	1379.8	1350.5	1361.1	37295	0
Башнефт ап	D	20140915	000000	1376.3	1376.3	1302.3	1318	54290	0
Башнефт ап	D	20140916	000000	1320	1341.9	1320	1321.5	21130	0
Башнефт ап	D	20140917	000000	1261	1261	1039	1060	392045	0
Башнефт ап	D	20140918	000000	1070	1110	1035	1035	90901	0
Башнефт ап	D	20140919	000000	1036.5	1044.9	941.1	977	321059	0
Башнефт ап	D	20140922	000000	976.3	984.8	945.5	946.2	56962	0
Башнефт ап	D	20140923	000000	950	965	943.2	951.7	59694	0
Башнефт ап	D	20140924	000000	957.7	995	957.7	969.7	71858	0
Башнефт ап	D	20140925	000000	977.3	978.7	918.5	921.1	84184	0
Башнефт ап	D	20140926	000000	910	914.7	807.5	808	203441	0
Башнефт ап	D	20140929	000000	800	833.3	745.2	761.3	170442	0
Башнефт ап	D	20140930	000000	748	799.5	748	795.2	79873	0
Башнефт ап	D	20141001	000000	795	856	781	796	118202	0
Башнефт ап	D	20141002	000000	796	827	784	796	67204	0
Башнефт ап	D	20141003	000000	799	815	788	800	42452	0
Башнефт ап	D	20141006	000000	810	827	804	804	31152	0
Башнефт ап	D	20141007	000000	829	829	795	795	22425	0
Башнефт ап	D	20141008	000000	793	803	790	790	20243	0
Башнефт ап	D	20141009	000000	793	801	758	762	37300	0
Башнефт ап	D	20141010	000000	763	765	728	735	45333	0
Башнефт ап	D	20141013	000000	740	763	730	752	36156	0
Башнефт ап	D	20141014	000000	754	771	749	754	39865	0
Башнефт ап	D	20141015	000000	755	758	723	727	22903	0
Башнефт ап	D	20141016	000000	746	746	681	699	40254	0
Башнефт ап	D	20141017	000000	701	730	699	724	15730	0
Башнефт ап	D	20141020	000000	725	744	699	714	33567	0
Башнефт ап	D	20141021	000000	713	737	705	722	47543	0
Башнефт ап	D	20141022	000000	735	750	707	710	42650	0
Башнефт ап	D	20141023	000000	716	716	692	695	34437	0
Башнефт ап	D	20141024	000000	690	701	681	683	20420	0
Башнефт ап	D	20141027	000000	691	730	691	724	39797	0
Башнефт ап	D	20141028	000000	730	798	729	761	106380	0
Башнефт ап	D	20141029	000000	775	788	766	768	50928	0
Башнефт ап	D	20141030	000000	774	829	760	815	207988	0
Башнефт ап	D	20141031	000000	830	923	830	917	228816	0
Башнефт ап	D	20141103	000000	920	977	918	959	98357	0
Башнефт ап	D	20141105	000000	960	960	884	933	86002	0
Башнефт ап	D	20141106	000000	934	955	890	902	69612	0
Башнефт ап	D	20141107	000000	900	911	876	887	61999	0
Башнефт ап	D	20141110	000000	900	955	900	942	57124	0
Башнефт ап	D	20141111	000000	944	955	925	936	31197	0
Башнефт ап	D	20141112	000000	955	955	923	937	38303	0
Башнефт ап	D	20141113	000000	952	969	924	929	42104	0
Башнефт ап	D	20141114	000000	921	936	899	928	45824	0
Башнефт ап	D	20141117	000000	928	938	920	929	12715	0
Башнефт ап	D	20141118	000000	929	949	918	936	36861	0
Башнефт ап	D	20141119	000000	940	956	906	931	57472	0
Башнефт ап	D	20141120	000000	938	946	931	944	24912	0
Башнефт ап	D	20141121	000000	947	948	936	941	14630	0
Башнефт ап	D	20141124	000000	950	950	928	930	31512	0
Башнефт ап	D	20141125	000000	930	940	906	908	49984	0
Башнефт ап	D	20141126	000000	912	915	882	888	39315	0
Башнефт ап	D	20141127	000000	896	905	870	876	30821	0
Башнефт ап	D	20141128	000000	861	883	846	850	53035	0
Башнефт ап	D	20141201	000000	840	851	829	848	52118	0
Башнефт ап	D	20141202	000000	849	889	841	857	38753	0
Башнефт ап	D	20141203	000000	856	885	833	856	51732	0
Башнефт ап	D	20141204	000000	926	926	847	858	18305	0
Башнефт ап	D	20141205	000000	858	873	830	838	37419	0
Башнефт ап	D	20141208	000000	838	864	771	790	47921	0
Башнефт ап	D	20141209	000000	790	790	747	755	34375	0
Башнефт ап	D	20141210	000000	762	839	762	807	66423	0
Башнефт ап	D	20141211	000000	751	850	751	823	111305	0
Башнефт ап	D	20141212	000000	839	999	801	997	217746	0
Башнефт ап	D	20141215	000000	1010	1083	929	936	214641	0
Башнефт ап	D	20141216	000000	953	953	755	864	271792	0
Башнефт ап	D	20141217	000000	867	944	850	894	81857	0
Башнефт ап	D	20141218	000000	950	950	890	901	92214	0
Башнефт ап	D	20141219	000000	903	924	861	900	50038	0
Башнефт ап	D	20141222	000000	901	922	842	860	79800	0
Башнефт ап	D	20141223	000000	865	904	850	904	61394	0
Башнефт ап	D	20141224	000000	904	948	893	930	212435	0
Башнефт ап	D	20141225	000000	931	947	913	936	91336	0
Башнефт ап	D	20141226	000000	908	944	908	940	36031	0
Башнефт ап	D	20141229	000000	937	962	911	911	59491	0
Башнефт ап	D	20141230	000000	901	951	887	922	71694	0
Башнефт ап	D	20150105	000000	927	944	915	935	16034	0
Башнефт ап	D	20150106	000000	928	938	921	926	9201	0
Башнефт ап	D	20150108	000000	927	965	925	956	74265	0
Башнефт ап	D	20150109	000000	956	967	925	938	47926	0
Башнефт ап	D	20150112	000000	934	942	922	935	21278	0
Башнефт ап	D	20150113	000000	935	938	921	929	42787	0
Башнефт ап	D	20150114	000000	930	943	928	940	33051	0
Башнефт ап	D	20150115	000000	967	979	946	969	141557	0
Башнефт ап	D	20150116	000000	970	999	954	986	116282	0
Башнефт ап	D	20150119	000000	968	1046	968	1025	185341	0
Башнефт ап	D	20150120	000000	1066	1066	1010	1030	55927	0
Башнефт ап	D	20150121	000000	1015	1075	1015	1064	61233	0
Башнефт ап	D	20150122	000000	1070	1144	1070	1143	134489	0
Башнефт ап	D	20150123	000000	1150	1185	1131	1152	126359	0
Башнефт ап	D	20150126	000000	1140	1164	1101	1109	132918	0
Башнефт ап	D	20150127	000000	1089	1140	1051	1123	82388	0
Башнефт ап	D	20150128	000000	1126	1165	1123	1140	78224	0
Башнефт ап	D	20150129	000000	1140	1147	1113	1133	34413	0
Башнефт ап	D	20150130	000000	1133	1238	1123	1238	112782	0
Башнефт ап	D	20150202	000000	1250	1294	1191	1215	109154	0
Башнефт ап	D	20150203	000000	1243	1279	1232	1262	61871	0
Башнефт ап	D	20150204	000000	1255	1295	1255	1280	119919	0
Башнефт ап	D	20150205	000000	1276	1276	1245	1256	129153	0
Башнефт ап	D	20150206	000000	1284	1291	1249	1255	128465	0
Башнефт ап	D	20150209	000000	1260	1280	1233	1250	103698	0
Башнефт ап	D	20150210	000000	1246	1275	1246	1265	41163	0
Башнефт ап	D	20150211	000000	1270	1280	1261	1265	51704	0
Башнефт ап	D	20150212	000000	1274	1280	1260	1272	27622	0
Башнефт ап	D	20150213	000000	1277	1299	1271	1296	67359	0
Башнефт ап	D	20150216	000000	1300	1315	1288	1296	31967	0
Башнефт ап	D	20150217	000000	1300	1306	1251	1261	38384	0
Башнефт ап	D	20150218	000000	1265	1274	1243	1249	18664	0
Башнефт ап	D	20150219	000000	1245	1250	1208	1227	26815	0
Башнефт ап	D	20150220	000000	1235	1245	1220	1240	10420	0
Башнефт ап	D	20150224	000000	1220	1230	1212	1222	10641	0
Башнефт ап	D	20150225	000000	1224	1230	1175	1209	17753	0
Башнефт ап	D	20150226	000000	1207	1256	1207	1242	41265	0
Башнефт ап	D	20150227	000000	1245	1254	1210	1245	51984	0
Башнефт ап	D	20150302	000000	1236	1251	1228	1235	16890	0
Башнефт ап	D	20150303	000000	1235	1250	1221	1249	17493	0
Башнефт ап	D	20150304	000000	1251	1264	1220	1229	24652	0
Башнефт ап	D	20150305	000000	1234	1295	1234	1287	65954	0
Башнефт ап	D	20150306	000000	1287	1303	1265	1294	39227	0
Башнефт ап	D	20150310	000000	1287	1295	1265	1270	25498	0
Башнефт ап	D	20150311	000000	1270	1274	1200	1247	76155	0
Башнефт ап	D	20150312	000000	1250	1272	1234	1255	54948	0
Башнефт ап	D	20150313	000000	1260	1260	1233	1240	59122	0
Башнефт ап	D	20150316	000000	1240	1262	1219	1239	30031	0
Башнефт ап	D	20150317	000000	1243	1258	1227	1250	18784	0
Башнефт ап	D	20150318	000000	1246	1314	1240	1314	48291	0
Башнефт ап	D	20150319	000000	1321	1330	1271	1290	44900	0
Башнефт ап	D	20150320	000000	1285	1405	1277	1383	228771	0
Башнефт ап	D	20150323	000000	1383	1399	1339	1356	57879	0
Башнефт ап	D	20150324	000000	1356	1361	1314	1319	11982	0
Башнефт ап	D	20150325	000000	1317	1329	1250	1274	47552	0
Башнефт ап	D	20150326	000000	1280	1349	1240	1340	142348	0
Башнефт ап	D	20150327	000000	1348	1351	1301	1316	69097	0
Башнефт ап	D	20150330	000000	1365	1365	1308	1330	65227	0
Башнефт ап	D	20150331	000000	1331	1365	1315	1340	48034	0
Башнефт ап	D	20150401	000000	1341	1367	1334	1358	17989	0
Башнефт ап	D	20150402	000000	1350	1358	1333	1344	26978	0
Башнефт ап	D	20150403	000000	1333	1341	1310	1313	18583	0
Башнефт ап	D	20150406	000000	1318	1339	1318	1326	15789	0
Башнефт ап	D	20150407	000000	1328	1375	1322	1357	32784	0
Башнефт ап	D	20150408	000000	1357	1365	1331	1338	70473	0
Башнефт ап	D	20150409	000000	1338	1382	1325	1332	69202	0
Башнефт ап	D	20150410	000000	1372	1372	1330	1342	39042	0
Башнефт ап	D	20150413	000000	1350	1379	1350	1379	49698	0
Башнефт ап	D	20150414	000000	1380	1415	1370	1415	50703	0
Башнефт ап	D	20150415	000000	1414	1480	1398	1460	105692	0
Башнефт ап	D	20150416	000000	1460	1469	1443	1452	32422	0
Башнефт ап	D	20150417	000000	1451	1452	1400	1440	62847	0
Башнефт ап	D	20150420	000000	1446	1530	1435	1503	128315	0
Башнефт ап	D	20150421	000000	1497	1536	1468	1520	71202	0
Башнефт ап	D	20150422	000000	1635	1635	1486	1521	18302	0
Башнефт ап	D	20150423	000000	1566	1566	1491	1525	95951	0
Башнефт ап	D	20150424	000000	1475	1545	1475	1532	36330	0
Башнефт ап	D	20150427	000000	1487	1542	1487	1506	14899	0
Башнефт ап	D	20150428	000000	1510	1541	1469	1540	36737	0
Башнефт ап	D	20150429	000000	1540	1610	1535	1592	67126	0
Башнефт ап	D	20150430	000000	1588	1708	1575	1708	56987	0
Башнефт ап	D	20150505	000000	1673	1732	1650	1727	56616	0
Башнефт ап	D	20150506	000000	1715	1764	1682	1687	82702	0
Башнефт ап	D	20150507	000000	1687	1691	1620	1620	44974	0
Башнефт ап	D	20150508	000000	1636	1679	1627	1669	11196	0
Башнефт ап	D	20150512	000000	1667	1683	1654	1680	11122	0
Башнефт ап	D	20150513	000000	1679	1707	1633	1641	5363	0
Башнефт ап	D	20150514	000000	1641	1651	1593	1605	11640	0
Башнефт ап	D	20150515	000000	1605	1605	1546	1590	9991	0
Башнефт ап	D	20150518	000000	1579	1579	1545	1556	14356	0
Башнефт ап	D	20150519	000000	1660	1660	1515	1525	22845	0
Башнефт ап	D	20150520	000000	1525	1538	1442	1476	40358	0
Башнефт ап	D	20150521	000000	1480	1500	1469	1489	15487	0
Башнефт ап	D	20150522	000000	1492	1499	1459	1496	10237	0
Башнефт ап	D	20150525	000000	1499	1549	1494	1530	10570	0
Башнефт ап	D	20150526	000000	1537	1543	1517	1521	5373	0
Башнефт ап	D	20150527	000000	1537	1537	1512	1528	8560	0
Башнефт ап	D	20150528	000000	1542	1542	1502	1513	14513	0
Башнефт ап	D	20150529	000000	1527	1549	1512	1513	8016	0
Башнефт ап	D	20150601	000000	1520	1549	1520	1532	7622	0
